117.4
139.1
128
127
122.8
123.8
128.3
129.3
132.3
125.8
131.8
138.8
145.8
139.8
133.9
131.4
128.4
138.4
170.1
176.3
181.3
178.8
165.3
154.3
140.3
126.9
122
117.3
120.8
128.3
143.8
182.3
203.3
225.3
236.3
233.1
235.1
210.6
213.6
214.6
213.6
229.6
254.6
253.6
226.1
212.6
192.6
177.6
161.1
145.2
135.4
125.7
131
149
149.5
186
219.8
248.8
250.8
246.3
235.3
212.8
212.3
221.8
225.8
234.3
263.8
253.8
232.8
217.3
195.3
182.3
163.3
148.5
140.5
141.5
138.5
145.5
152
193
221.5
247
254.5
239.5
237
217
218.5
224.5
230
236
258
258
239
223.5
195
185.5
168.4
150.9
135.9
134.1
139.1
145.9
152.1
194.1
220.3
246.8
252.8
247.3
241.7
226.7
226
224.5
233.4
232.9
262.7
254.7
239.4
223.4
196.9
182.9
184.2
161.7
149.7
145.7
146.7
134.9
144.9
151.4
169.4
165.9
173.9
179.4
179.7
166.9
157.4
160.4
159.9
167.6
198.5
208.9
200.9
195
172.1
169.6
155.3
145.9
122.9
120.9
123.9
132.9
145.6
158.6
170.6
182.6
198.5
197.5
192.3
172.8
164.3
173.1
172.8
186.8
220.8
224.3
213.5
203.5
191.5
173.5
158.4
139.4
131
127.3
123.3
122
135.7
141.2
136.2
149.2
167.2
171.7
178.5
162
160.8
154.8
150.8
169.3
202.8
215.8
213.8
207.8
196.6
184.1
145.9
145.2
133.5
136
133.3
138.8
158.2
211.2
270.5
280.7
282
276.5
268.5
246.2
245.7
249.2
257.5
264
284
276
253
235
213.5
200.5
176.3
152.1
145.1
130.5
137.5
143.3
161
205
272.1
283.3
278.3
275.3
263.3
242.3
238.7
241.7
249.7
248.8
281.7
274.1
255.6
239.3
222.3
193.8
175.4
157.3
146.2
138.9
141.5
141.2
154.7
204.7
264.9
276.2
264.3
257.9
246.5
226.5
223.7
231.8
237.5
241.1
274.1
272.1
245.5
228.5
205.2
188.7
166.6
154.1
147.1
147.1
147.6
143.9
153.6
210.5
253.5
272
272.8
267.8
253.8
233.8
233.7
236.2
246.3
242.3
280
274.2
254.4
234.2
204.5
196.5
171.2
153.7
145.5
138.7
140
143.2
155.2
206.2
258.2
270.5
269.4
266.4
252.4
237.6
234.3
239.8
241
231.5
274.3
270.3
256.1
230
205.5
193.5
178.4
160.2
153.2
137.2
133.2
135.7
146.5
179.2
202.3
221.3
234.1
235.4
213.6
189.3
180.2
181.5
183.6
191.1
231.1
237.1
220.5
203.5
188
174
163.9
141.1
134.1
130.1
118.1
129.6
129.7
143.3
141.8
171.8
177.2
181.7
184.7
169.2
156.7
153.2
154.2
166.2
197.7
210.5
206.7
203.3
188
176.5
156.1
139.6
132.8
130.3
129.8
137.3
146.8
208
272.5
279
279
275.5
260.5
246.5
242
245
247
251
283
282.5
252
237.7
210.2
180.2
169.5
165.2
156.4
152.5
157
154.4
168.4
217.4
265.2
279.2
281.2
275.2
258.2
240.2
235.2
246.7
243.8
252.3
282.6
283.6
258.1
245.1
215.8
203.8
178.8
161.8
156.8
143.7
142.9
146.9
167.4
219.9
272.2
290.2
296.7
293.7
279.2
257.2
257.2
255.7
261.7
273.2
284.7
280.7
259.7
241.9
216.9
199.9
176
158
147
139
141
148.5
160
210
266.3
277.3
277.8
269.3
266.3
236.8
241.8
242.8
250.8
250.8
287.8
281.3
264.3
251.8
219
194
172.1
151
144.5
138.5
142
144
157.5
215.5
265.2
286.7
286.7
287.2
274.7
253.4
251.9
249.9
260.9
259.4
285.4
285.4
259.4
232.9
212.9
198.2
179
152.2
148.7
129.7
134
140.4
149.4
209.2
205.4
226.4
230
224.6
217.8
198
186.5
182
183.2
189.2
227
241
220
206
188
173.8
163.7
140.4
130.9
131.1
127.1
126.8
134.2
143.3
147.2
161.2
181.2
191.2
192.2
174.6
165.8
165
163.5
169
203
212
211.8
210.8
188.8
179.5
158.6
142.5
134.6
128.6
130.1
133.1
150.5
215.1
265.6
282.6
282.1
278.4
264.9
245.4
251.4
250.8
253
257.9
282.1
279
258
244.8
213.2
195.8
178
161.1
154.1
141.6
149.3
148
157
216.8
259.8
272.8
269.7
267.2
260.7
240.2
240.2
245.2
246.7
251.7
280.7
277.7
256.4
240.5
214.5
202.7
180.1
160.3
147.4
141.4
141.9
145.7
159
216
260.3
282.4
278.4
278.4
276.4
245.2
243.7
241.7
240.7
240.3
279.8
284.8
253.8
237.8
208.5
196
180.9
164.9
140.9
139.9
138.9
155.2
157.4
204.2
267.7
278.7
279.2
274.2
263.1
243.6
243.8
248.8
255
259
283.9
272.8
262.6
242.9
213.9
200.4
172.7
156.4
141.9
139.9
143.4
143.9
159.9
225.7
257.7
274.4
271
265.6
258.1
235.9
230.9
235.5
237
238.7
275.2
277.7
257.9
238.1
207.4
204
176.4
157.4
142.9
137.9
141.4
144.9
151.4
186.2
204.2
221.2
232.2
226.3
207.2
193.7
180.8
180.3
184.5
188.5
223.5
231.5
218.5
198.5
186.5
172
161
150.9
146.8
128.9
129.6
133.1
140.2
148.2
138
159
173.5
174
174
161.2
156.2
149.7
150.3
145.8
193.3
207.8
204.8
194.8
179.3
179.3
166.5
145.2
135.5
133.5
132.5
138.5
161.8
231
248.6
266.3
272.3
268.3
248.8
240.3
235.3
240.3
241.8
239.1
270.8
273.8
260.9
234.8
206.5
182
170.6
155.1
142.4
139.9
137.2
142
164
217.5
255.3
275.5
275.8
265.8
252.8
231.8
239
239.5
237.5
238
273.5
274.3
256.3
242.4
207.5
195
175
152
147.7
144.7
145.4
141.9
156.4
216.9
260.7
280.7
273.2
264.2
255.2
239.2
235.2
240.7
237.7
239.3
272.8
270.1
248.3
235.3
210.8
198.3
171.6
159.3
143.4
138.4
149.4
145.4
164.4
213.9
258
286
283
272.5
262
241
242
243
246.5
244.5
279
272
255
236.5
209.5
198
177.2
162.2
144.7
141.7
146.2
150.2
156.7
214.7
251.2
273.7
269.7
269.2
252.7
233.7
234.7
239.2
243.2
241.2
274.7
269.7
256.7
229.7
207.2
196.7
175.5
153
146.5
138.5
143.5
143
155.5
202
202.5
221.5
232.5
226
214
195.5
175.5
179
181.5
180
226.5
227.5
222.5
205.5
185
169.5
155.4
142.4
133.4
125.4
116.4
128.4
134.9
139.4
143.9
161.9
177.3
181.8
178.8
164.8
152.3
152.3
144.3
150.3
184.8
200.8
200.3
197.8
183.3
175.3
157.2
138.7
126.7
129.7
131.2
140.2
154.2
216.2
250.1
275.1
276.8
259.8
254.3
220.3
239.3
235
245
239
273
270
247
239
207
192
166.5
151.2
140.9
139.7
145.2
146.5
166.5
219.5
252
270
269.5
268.5
258.5
235.5
234.5
236.5
243.5
240.5
280
275.5
251
231.5
209.5
201.5
178.3
159.4
140.5
147.5
141
143.8
160.3
218.3
262.3
287.3
286.3
269.3
264.3
247.8
241.8
253.8
252.8
255.3
270.8
280.3
258.8
241.8
208.8
182.3
175
153
143.5
140.5
137
147.5
159
215
259
280
283
271.5
256.5
238.5
237
238
245
240.5
270
275
253
236
209.7
201.7
175.5
158
140.9
147.1
150.6
149.9
166.4
213.9
255.4
279.9
279.4
275.4
263.4
245.4
237.2
240.7
242.4
239.9
277.7
274.8
250.8
232.8
208.3
194.8
181.7
171.2
148.2
138.7
137.2
140.2
148.7
173.2
204.7
224.2
232.2
231.2
220.2
195.7
188.2
183.2
192.2
192.2
229.7
232.7
219.2
211.2
191.2
179.7
158.3
149.8
130.8
127.3
127.3
135.8
132.3
144.3
137.3
163.3
174.3
185.8
182.3
171.3
157.3
156.8
149.8
148.8
178.8
208.8
209.3
201.8
190.8
175.3
160.3
139.3
136.8
121.1
130.3
135.8
162.1
204.8
253.5
275.5
277.7
278.7
270.7
256.7
249.2
257
269.3
246.8
277.8
274.8
255.3
233.3
206.8
196.3
176.8
154.5
147.3
137.3
135.8
149.8
170.3
208.3
248.3
273.8
270.3
264.3
255.9
237.4
231.4
237.9
238.8
232.8
250.8
280.8
247.8
236.8
210.8
193.8
182.2
151.2
148.2
144.2
145.1
152.6
166.1
214.6
251.6
267.1
270.1
267.1
256.1
232.6
235.1
229.1
238.1
233.4
255.1
269.1
251.1
233.6
211.1
200.6
176.6
159.6
143.6
141.6
140.1
148.1
167.9
210.4
249.1
266.9
267.9
261.6
245.6
233.9
236.1
235.1
237.1
230.6
242.6
268.6
247.1
234.1
208.6
191.1
170.1
153.6
150.3
143.8
142.9
143.1
155.6
208.6
238.6
259.6
262.1
251.1
237.6
228.6
225.1
230.1
234.1
234.1
237.6
267.1
249.1
227.1
205.6
201.6
179.4
153.5
145
140.5
135.5
142.5
153.5
189
194
220
220.3
214.3
203.3
189.8
180.8
177.3
174.3
181.3
198.9
226.8
218.3
202.8
192.8
175.8
137.1
145.5
136.5
124.5
124.5
130.5
132
144.5
137.5
179
172
182
175.5
169
154.5
154
149
145
169
199.5
204
191.5
182.5
172.5
153.4
139.4
126.9
129.4
123.4
132.9
152.9
206.9
236.4
264.9
262.9
257.9
244.9
230.9
227.4
228.4
229.9
227.4
235.9
270.4
249.9
232.4
210.9
186.4
163.6
138.6
139.1
138.6
141.6
148.1
159.6
221.1
244.6
271.6
269.1
262.6
248.1
234.1
228.1
234.6
239.6
232.6
245.6
267.6
249.6
233.6
212.1
201.6
177.4
162.4
149.4
138.4
148.4
143.4
160.4
211.6
248.7
267.6
272.6
268.6
257.6
240.9
244.4
250.9
261.9
252.7
270.7
269
247
231.5
206
195
178.1
153.8
150.8
143.1
144.8
156.8
167.8
212.8
248.3
275.3
284.3
276.3
263.3
238.8
262.8
234.3
239.8
234.3
245.8
271.8
255.3
244.3
209.3
189.8
169
154.5
147.3
144.5
139.5
146
162.5
235.5
253
271.5
274
270
269
244
259.5
255.5
256.5
268
256
279.5
247.5
236.5
205.5
202.5
179.5
163.5
148
150
147.2
147.4
158.9
185.9
194.9
217.4
220.9
219.9
206.9
184.9
171.9
178.9
180.9
182.4
204.4
228.4
218.4
203.4
185.9
173.8
158.9
143.5
133.5
130.5
124.8
131.8
136.8
144.3
141.8
179.8
175.3
186.3
185.3
177.3
169.8
164.8
161.8
157.8
171.3
194
206
196.5
180.5
174
153.5
142
131.5
123.5
129.5
138.5
159.2
200.6
230.7
261.2
259.4
259.5
247.7
236.2
233
232.5
235.5
228.5
233
248
244.5
235
201.5
188.5
164.2
150.7
145.7
139.2
143.2
144.2
154.9
203.6
235.4
259.1
262.2
261.4
252.9
229.4
231.7
220.7
229.7
225.7
234.2
267.7
249.2
241.2
214.2
196.7
179.5
156.5
142.3
146.2
145.7
145.7
164.5
208.5
242.5
259.5
251
250
246
232
230.7
232.7
238.7
232.7
236
274
255.5
242.5
212.5
200.5
183
161.2
147.2
146.9
138.4
147.9
164.9
207.8
234.9
262.9
262.9
252.4
245.4
238.9
230.4
234.9
232.2
229.7
235.2
273.2
249.2
239.7
213.7
201.3
174.2
161.6
144.1
139.1
143.1
152.1
160.6
204.1
243.1
272.3
265.3
256.6
249.2
226.7
226.3
227.3
232.6
234.8
242.7
263.2
250.1
236.1
211
192.6
186.3
160.4
151.4
148.8
138.7
139.7
152.7
172
201.9
230.9
224
217.5
208.5
186
177.5
178
179.7
183.8
197.3
225.8
220.2
204
184.4
173.8
157.2
147
136.2
130.7
121.9
129.5
133
132.8
136.3
160
177
180
178.8
160.6
151.8
148.8
145.3
148.3
155.5
198.8
202.3
195.8
176.6
178
159.1
137.6
133.9
131.2
131.7
139.2
155.2
190.4
228.2
252
253
249
243.5
229
225
237.5
234.5
232
228.5
265.5
249.5
229.5
211.5
207.5
163.5
148.5
144.5
147.5
141
147
162.5
201.7
235.7
257.2
257.7
250.6
238.9
227.1
223.8
229.1
231.8
227.3
232.8
269.8
249.3
233.3
213.8
198.8
174.4
157.4
142.4
143.4
146.4
150.9
160.9
205.1
248.6
268.6
268.6
264.1
258.9
246.6
249.6
253.4
251.4
250
249.9
274.8
254.6
237.9
208.9
206.9
170.9
160.4
145.2
149.2
146.3
154.6
157.1
191.1
210.1
264.1
257.6
258.6
248.1
235.1
227.6
224
235.5
226.5
231
262.5
251.5
231.5
209
194.5
166.5
154.4
149.9
144.2
147.9
154
166
207.5
243.4
266.2
261.2
254.2
242.2
231.7
232.7
234
246.2
239.7
243.2
266.7
246.2
232.7
206.7
197.2
168.6
153.6
151.6
142.1
134.6
140.1
158.1
174.3
195.3
218.7
216.7
211.7
199.2
185.7
173.7
173.7
172.2
175.2
182.3
229.5
218
201.4
184.4
164.9
154.9
140.9
130.9
117.9
119.9
127.7
134.9
125.9
142.9
160.4
175.2
177.2
167.4
162.8
152.8
147.9
149.2
142.7
153.3
193.8
193.3
185.8
182.8
168
152.7
133.4
128.8
127.3
128.1
138.3
162.3
191.3
239.3
263.8
270.7
265.1
256.8
235.3
236.1
239.6
244.6
243.6
242.1
269.1
252.6
239.1
203.6
194.6
166.4
155.2
146.7
146
143
147.2
160.2
196.2
237.7
259
256.5
248.5
246.7
225.5
224
230.5
233
231
236
268
259.5
238
206.5
204
177.1
157.1
143.1
145.1
146.1
142.1
163.8
198.3
238.3
266.6
267.1
263
246.4
259.6
237.2
236.9
234.3
232.8
235.8
265.4
249.4
229.8
204.9
189.9
172.3
157.3
145.3
138.3
141.8
144.8
161.7
194
241.5
261.5
258.2
252
245.5
231.5
230.5
232.3
231.3
225.8
225.5
271.7
245.5
235.5
206
198.5
173.9
154.5
138
134.7
142.9
146.2
164.2
195.7
241.2
262
258
252
243.5
229.5
223.7
235.7
238.4
235.4
235.4
260.4
251.2
235.7
205.9
191.9
172.9
152
142
143
139
143.5
155
162
197
217
218
209.5
209.5
187.5
172.5
170.2
169.2
169.7
171.2
220.2
215.2
200.7
180.7
169.7
166.1
148.8
137.8
121.1
124.6
123.8
129.8
122.8
133.8
156.2
166.4
169
166.2
156.5
137.3
143.1
135.6
137.2
152.2
190.2
200.2
188.7
176.7
170.2
146.4
131.4
126.4
125.4
128.4
134.1
157.1
181.1
225.1
250.1
252.1
243.9
230
221.1
224.3
225.1
231.5
225.6
222
262.5
247.4
233.2
204.2
190.7
168.8
149.3
143.3
136.2
141.8
149.5
166.5
187
233
253.5
244.5
240.5
237.5
221.4
226.4
229.5
229.5
221
224
261.5
243.5
235
207.8
187
160.5
146.8
141
138.5
139
150.5
164
191
237
255.5
252
248.5
242
223
228.5
229.5
232.5
221.3
221.6
259.3
242.3
233.8
208.8
193.8
170.1
151.1
139.6
138.1
137.6
151.1
161.8
191.1
232.1
254.3
247.8
247.8
234.9
220.1
223.1
225.1
224.1
218.9
220.1
256.4
245.6
234.1
207.1
190.9
166.1
152.1
145.1
139.1
141.1
155.1
165.6
189.1
231.5
248.5
252.7
254.4
238.4
222.9
219.3
221.9
218.4
221.4
216.4
255.9
244.4
231.7
199.7
183.4
165.2
157.9
142.3
132.8
140.5
140.8
147.8
159.8
189.3
209.8
209.8
202.3
192.3
175.3
165.8
161.3
163.3
163.3
167.3
213.9
210.9
189.9
172.9
163.4
144.5
133.5
127
127.5
121.3
123.6
128.6
137.1
129.1
153.6
163.6
167.6
161.6
158.6
150.6
146.1
139.6
137.6
135.6
146.1
190.1
192.1
180.1
169.1
149.6
131.9
129.4
123.7
123.7
130.7
148.2
202.2
224.2
252.2
250.2
247.2
238.2
218.2
223.7
227.7
227.7
220.7
211.2
211
231
216
201
186.5
168.9
150.1
142.1
140.6
141.4
143.7
154.2
204.1
230.7
256.2
258.7
254.7
245.2
225.2
221.7
227.8
230.8
219.4
214.4
222.4
239.1
224.7
208.7
202.7
177.8
154.7
145.7
149.7
150.7
150.7
154.7
202.7
222.7
246.7
246.7
237.7
239.7
222.7
227.7
228.7
229.7
223.2
218.2
212.7
221.2
234.2
205.2
200.7
174.7
150.2
145.7
142.2
149.7
154.7
164.7
207.1
233.6
252.1
258.1
251.6
248.6
228.6
230.3
226.6
232.1
223.6
212.6
218.6
224.1
235.6
211.1
203.1
169.2
160.3
148.3
140.3
143.3
148.2
162.7
214.2
242.7
265.2
264.7
254.2
243.9
226.7
223.7
228.2
231.2
214.7
211.2
209.2
222.7
231.7
206.2
195.8
176.3
149.5
141.5
135.7
133.5
141.5
148.5
176.5
189.4
209.4
209.5
202.5
192.5
171.5
164
167.5
169
167.5
163.5
187
188
189
180.5
171
158.1
144.6
130.6
128.6
135.1
131.4
128.4
134.9
136.4
137.9
160.4
166.4
160.9
149.9
143.9
140.9
136.9
130.9
137.9
142.4
167.4
190.4
193.4
164.4
127.7
132.6
125.1
124.1
121.7
131.6
149.7
184.7
223.7
245.7
241.7
236.7
232.7
217.7
218.2
218.2
220.7
208.7
203.2
203.2
215.7
224.2
200.2
183.2
162.7
143.1
139.7
129.1
137.8
141.8
146.8
191.3
229.3
253.3
252.3
249.3
243.7
216.9
213.4
221.9
222.9
217.9
210.9
208.9
211.4
231.4
206.9
189.9
173.2
150.3
141.1
140.7
137.1
143.2
156.7
194.2
229.2
244.2
247.2
241.2
235.7
213.7
214.7
217.2
216.2
213.2
200.2
200.7
209.2
230.7
202.7
194.2
169.5
156
138
136
140.5
145.5
155.5
189.5
226
246.5
242.5
239.1
228.4
211
211.5
216.5
218.5
210.5
202
199
212
229
202
188
166.4
133.9
136.9
133.9
129.9
132.9
158.9
186.4
219.9
247.6
252.1
245.6
233.9
217.4
219.4
217.9
219.9
214.9
204.7
204.7
212.9
230.9
203.8
195.9
170.9
160.7
149.1
139.1
132.6
142.6
143.8
160.8
182.3
202.3
209.3
200.3
187.3
174.3
162.3
166.3
165.3
161.8
163.3
167.3
183.8
199.8
181.8
169.8
155.5
140.1
132.9
123.6
121.6
120.6
128.1
121.6
136.6
155.1
159.6
153.6
154.6
144.7
133.2
131.7
126.7
125.2
131.2
141.2
157.8
184.4
169.7
160.7
144.2
128.2
120.2
118.2
120.7
124.7
145.2
185.2
213.9
245.9
247.1
238.1
229.1
221.6
214.6
216.1
221.1
213.6
201.6
199.1
210.1
227.1
201.6
185.1
160.8
154.6
134.3
134.8
131.8
138.8
146.3
185.8
226.8
246.3
248.9
238.5
213.4
219.9
205.9
219.9
219.9
212.4
206.4
201.9
206.9
238.4
195.9
181.9
156.6
151.1
139.1
133.6
132.6
133.6
150.1
183.6
229.6
247.6
243.1
236.6
227.6
215.6
212.6
216.1
219.1
202.1
196.1
202.1
200.1
223.1
196.1
184.6
164.6
147
140.5
131.5
130.5
134.5
150.5
194
228.5
251.5
245.5
236.5
231.5
216.5
209.5
212.5
212.5
202
199.5
193.5
200
215.5
189.5
186.5
161.6
144.1
142.1
130.1
135.6
136.1
148.6
171.7
223.3
246
248.2
242.7
232.7
216.2
215.2
216.2
215.2
202.7
195.2
194.2
200.7
203.7
184
181.2
164.9
137.2
132.7
124.2
120.7
128.2
132
138.5
159.6
177.6
185.4
177.9
167.4
155.9
145.4
145.4
143.4
140.4
141.4
150.4
154.9
169.8
155.8
149.8
133.9
126.4
124.4
116.2
113.1
117.1
118.6
110.6
119.6
134.6
148.6
145.6
143.6
123.1
115.1
111.1
114.6
113.6
115.6
127.1
134.1
161.1
153.6
139.6
132.4
125.4
115.4
106.4
110.4
113.9
121.4
118.4
126.9
142.9
148.9
143.9
137.9
129.9
123.9
119.9
120.9
120.9
125.9
127.9
145.9
173.9
157.9
153.4
135.8
128.8
121.8
118.8
115.8
124.3
140.8
164.3
203.2
232.2
243.2
234.7
220.7
202.2
209.2
208.2
210.9
203.9
194.5
199
190.3
214.9
191.9
178.9
137.8
131.8
132.3
130.3
124.8
130.8
146.3
185.8
217.8
246.1
239.1
237.1
231.1
212.6
208.6
215
225.3
226.3
222.3
214.7
204.3
220.1
193.6
177.6
160.4
145.4
130.9
132.9
132.9
133.9
145.9
183.4
224.4
241.9
236.9
235.9
225.9
210.9
210.9
219.9
230.9
228.4
221.4
220.4
214.9
218.4
196.4
187.9
165.9
145.3
136.3
134.3
126.3
133.3
150.3
176.3
226.3
253.3
254.3
258.8
250.8
232.8
220.8
237.3
233.8
220.3
220.8
225.3
229.8
220.7
193.7
181.2
163.2
147.2
134.2
127.7
133.7
131.7
142.3
158.3
181.7
211.8
219.3
216.3
210.3
188.2
174.4
171.4
170.7
174.5
175.4
187.5
184.5
195.5
179.7
163.5
148.5
138
131.5
124
119
120.5
120.7
120.7
133.2
149.2
159.2
170.7
170.2
161.2
149.3
149.2
143.7
148.7
150.7
162.7
170.3
184.3
170.2
180.2
148.8
134.6
126.1
121
123.9
124.3
144.3
157.3
195.8
220.8
233.3
229.3
223.3
209.3
198.3
203.3
212.8
208.8
205.8
205.5
194.8
208.8
183.9
164.9
149.9
136.3
128.3
120.2
120
124.5
129
121.5
133.4
153
169.7
165.1
173.9
159.3
154.3
147.3
144.3
143.3
144.3
156.3
170.3
188.3
170.3
160.8
150.2
134.7
125
118
122
127.5
143.5
170.4
224.4
251.4
257.4
253.3
245.6
227.4
227.4
234.4
231.4
213.9
210.9
211.9
211.9
224.9
197.9
187.4
162
146.5
138
137
132.5
140
149
178.4
218.4
250.4
248.4
244.4
232.9
223.9
212.4
219.6
210.6
213.4
211.4
217.4
210.3
221.3
198.3
187.8
171.3
153.3
140.3
130.3
133.3
142.3
153.3
174.3
223.8
245.8
247.3
242.8
211.3
211.8
219.1
220.6
227.6
210.3
203.3
193.3
194.3
216.3
192.3
186.3
165.3
145.4
135.4
129.4
127.4
129.3
145.8
157.8
173.8
199.8
202.8
193.3
177.3
158.3
159.3
157.8
160.8
154.8
148.3
161.3
185.3
183.3
167.3
158.3
152.5
131.5
122.5
119.5
114.5
120.5
117.5
112.5
121.5
143.6
156.6
161.7
158.7
144.7
140.7
136.7
130.7
128.7
127.7
132.7
152.7
172.7
161.6
159.6
141.6
127.5
122.5
113.5
113
113
114
121
122.5
142.5
155.5
154.5
150.5
142.5
133.5
129
125.1
121
123
135
142
175
165.2
157.3
138.3
126.8
118.3
115.8
116.7
125.2
140.2
164.2
206.7
227.7
237.7
228.7
219.7
204.7
208.7
213.2
214.2
204.2
196.2
195.2
186.3
215.2
199.2
183.1
162.1
154.3
145.3
134.3
138.3
130.3
142.3
166.3
207.3
230.3
232.8
227.8
220.8
208.8
208.8
207.8
209.8
200.8
192.8
190.8
184.8
209.8
191.8
186.8
161.7
146.7
134.7
128.7
128.7
130.7
140.7
159.7
204.7
228.7
228.7
224.7
203.7
200.7
201.7
214.7
209.7
201.7
193.8
191.8
181.8
206.8
190.8
181.8
162.9
146.9
137.9
129.8
126.8
130.8
139.8
157.8
197.8
226.8
222.8
220.8
215.8
202.8
204.8
212.8
202.7
198.7
190.7
189.7
187.7
206.7
187.7
181.7
161.8
150.8
133.8
133.8
137.8
127.8
128.8
120.8
161.8
184.8
186.8
181.8
174.8
157.8
147.8
150.8
148.8
146.8
144.8
145.8
149.8
169.7
171.7
155.7
141.7
129.9
119.9
111.8
111.8
110.8
115.9
98.9
115.9
132.9
143.9
143.9
138.9
133.9
128.9
123.9
117.9
117.9
118.9
124.9
136.9
167.9
163.9
156.9
135.9
129.1
121.1
115.1
114.1
119.1
127.3
151.3
199.3
217.3
219.3
215.3
208.9
196.9
203.2
200.2
207.2
201.2
190.2
188.2
180.2
208.2
191.3
174.3
142.3
141.2
134.2
130.2
129.2
127.2
136.2
156.2
202.2
217.2
225.8
223.8
213.8
201.3
217.6
215.7
213.7
202.6
197.6
191.6
182.6
203.8
190.8
186.8
140.8
143.6
131.6
122.6
129.6
130.6
140.6
154.6
197.6
222.6
226.7
227.7
218.7
202.7
208.7
210.7
208.5
189.7
190.5
193.5
181.5
202.5
188.5
177.5
160.7
145.7
130.6
125.6
127.6
125.6
131.6
161.6
203.6
224.6
229.6
227.6
221.6
212.6
213.6
219.6
215.6
204.6
202.6
206.6
196.6
193.6
184.6
175.6
150.6
134.6
133.5
121.5
127.5
126.5
140.5
164.6
209.6
234.5
234.5
230.5
207.5
210.5
215.5
207.5
211.5
205.5
199.5
196.5
193.5
203.5
183.5
177.5
157.3
138.4
131.4
128.4
118.4
120.3
125.3
132.3
170.3
186.3
193.3
191.3
179.3
164.2
156.3
156.3
152.3
155.1
151
157
159
177
167
153
145.2
127.2
117.2
111.2
109.2
106.2
108.2
96.2
111.2
126.2
142.2
145.2
149.2
134.4
130.5
126.5
126.3
121.3
116.3
123.3
133.3
147.3
165.3
158.3
144.4
127.4
116.4
109.4
107.4
112.4
122.2
154.2
203.2
233.2
236.2
228.2
226.2
214.3
206.4
209.4
218
212.6
214.6
211.3
200.3
208.3
191.3
176.3
157.2
145.4
130.4
127.4
123.4
131.4
138.4
191.4
210.4
249.4
242.4
236.4
240.4
208.4
212.4
215.4
212.4
217.4
224.4
221.4
208.4
218.4
191.4
189.4
162.5
147.4
141.4
124.4
119.3
121.3
150.8
163.3
213.3
237.3
239.3
237.3
235.3
216.3
207.3
215.3
218.3
195.3
189.3
187.3
191.3
206.3
189.3
179.3
145.3
132.9
132.1
129.3
127.3
127.3
124
161.5
211.2
237.5
238.5
234.7
231.5
215.5
212.5
219.5
236
225.5
209.5
203.5
194.5
214.5
195.2
182.2
156.4
141.4
127.4
119.4
116.9
114.9
125.1
163.9
214.9
234.9
234.1
230.6
220.1
209.1
205.1
208.5
202.6
196.4
188.4
188.4
175.4
185.4
183.4
181.4
161.4
143.4
130.4
128.4
120.4
123.4
118.2
134.2
170.4
201.4
193.4
189.4
174.2
161.2
154.2
146.2
152.2
145.2
149.2
149.2
151.2
155.2
155.2
152.4
137.3
129.3
106.3
103.3
107.3
104.1
94.1
87.1
109.1
130.1
145.1
144.9
141.9
129.9
123.9
110.9
113.9
112.9
113.9
121.9
124.9
143.9
161.9
157.1
136.6
123.6
110.6
110.6
107.6
112.6
113.6
156.6
187.6
214.6
218.8
220.6
209
196.5
200.4
202.5
201.5
189.5
183.5
179.6
175.6
179.6
177.6
169.6
147.8
134.8
127.8
117.8
124.8
123.8
117.8
169.8
201.8
219.8
224.8
216.8
211.8
202.8
207.8
207.8
205.7
200.7
191.7
193.6
182.6
191.6
185.6
167.8
155.9
144.1
129.1
127.1
128.1
122.1
128.1
152.1
197.1
222.1
227.1
225.1
215.1
206.1
207.1
204.1
207.1
201.6
190.1
189.1
183.1
192.1
191.1
175.1
157.9
148.6
128.6
134.6
123.6
121.6
120.6
160.6
194.6
220.6
221.6
220.6
217.6
200.6
202.6
207.6
213.6
209.6
181.6
174.6
186.6
191.8
183.8
179.8
157.8
136.3
130.3
122.3
121.3
118.3
131.5
167.5
216.6
254.6
256.6
247.6
243.6
223.6
223.5
221.5
214.5
208.6
201.5
200.6
193.6
205.5
185.5
169.5
144.5
148.4
134.4
134.4
133.5
123.5
118.5
133.3
164.1
184.1
192.1
187.1
180.1
164.1
155.8
152.9
153.9
152.9
148.9
152.8
151.7
156.7
163.7
155.7
145.7
131.6
122.6
113.6
111.6
109.6
93.6
97.6
142.6
135.6
146.6
145.6
146.6
138.6
134.6
135.6
124.6
121.6
120.6
119.6
132.6
140.6
161.6
161.6
141.6
124.6
120.7
118.7
112.7
116.7
118.7
152.7
195.7
220.7
229.7
228.7
219.7
207.7
219.7
214.7
212.7
205.7
206.7
208.7
189.7
191.7
192.7
184.7
156.7
151.7
132.7
128.7
126.7
130.7
129.7
159.5
199.2
224.2
232.2
230.2
223.2
209.2
218.2
223.1
229.1
225.1
211.1
201.1
197.9
205.9
188.7
185.7
167.1
140.1
136.1
133.1
132.1
147.1
141.1
167.9
212.5
241.9
244.9
246
238.5
221.5
218.7
222.5
225.5
214.5
192.5
216.5
207.5
210.5
192.5
185.2
171.2
150.7
134.7
128.7
132.6
135.5
129.5
170.5
220.5
240.5
241.5
239.5
234.5
213.5
213.5
215.5
219.5
208.5
172.5
197.5
190.5
190.5
196.5
189.7
159.7
143.8
139.7
126.7
116.7
131.7
121.7
165.7
210.7
241.7
239.7
234.7
225.7
200.7
208.7
213.7
214.7
202.7
192.7
183.7
174.7
174.7
196.7
175.7
164.2
142.2
135.2
130.2
126.2
124.1
115.1
131
165.1
185.1
191.1
188.1
174.1
164.1
153.1
148.1
151.1
150.5
153.5
153.5
156.5
168.1
163.1
153.1
138.3
128.3
123.3
115.3
113.3
110.3
99.3
98.3
111.3
129.3
140.3
144.3
144.3
135.3
129.3
128.3
120.3
120.3
121.3
131.3
140.3
148.3
165.3
158.3
136.3
127.3
114.3
114.3
117.3
119.3
116.3
154.3
210.3
229.3
229.5
224.3
212.3
207.3
216.3
209.3
210.9
199.3
191.3
191.3
180.3
179.3
186.3
175.3
162.3
137.4
132.4
127.4
135.4
128.4
120.4
155.4
202.3
222.3
222.3
220.3
216.3
202.1
204.1
201.1
207.1
200.3
190.3
185.3
176.3
178.3
187.3
181.5
159.9
142.3
129.3
125.3
123.3
126.4
120.3
160.3
200.3
227.3
229.3
226.1
212.9
205.3
207.3
213.3
209.4
203.4
198.4
185.4
176.4
182.4
187.4
183.4
164.4
146.4
129.4
128.5
131.6
125.6
122.5
162.5
213.5
233.5
235.3
229.5
224.5
209.5
206.5
211.3
210.9
206.9
201.2
204.5
204.5
206.5
187.5
186.5
161.5
160.6
135.6
127.6
132.6
125.6
121.6
156.6
200.7
223.7
223.7
223.7
215.7
206.7
209.7
209.7
215.7
208.7
191.7
192.7
188.7
200.7
192.7
177.6
159.6
145.3
134.7
130.8
125.9
123.9
112.9
136.9
158.9
181.9
186.9
180.9
179.9
163.9
156.9
154.7
155.7
152.9
152.9
159.9
168.9
174.9
172.9
149.9
143.8
130.6
118.6
114.6
112.5
114.5
101.5
103.5
115.7
128.7
138.9
146.7
144.7
135.7
126.7
124.7
125.7
133.7
128.7
133.7
139.3
154.3
164.7
157.7
138.7
124.7
117.6
111.6
109.6
113.6
114.6
151.1
192.2
221.2
223.8
225.8
214.8
201.2
201.2
205.2
211.1
199.1
194.1
187.1
179.1
182.2
180.2
172.2
154.2
133.2
128.2
120.2
121.2
126.2
116
160
196
223
230
228
218
201
206
208
208
199
196
193
181
180
183
184
158
142
123
120
129
125
119.8
155.8
197.8
225.8
221.8
218.3
210.8
196.8
207.8
207.8
207.8
198.8
190.8
186.8
179.8
180.8
192.8
177.8
161.8
144.8
128.8
123.8
124.8
123.8
124.8
157.8
200.8
227.8
232.9
232.9
221.9
208.9
209.9
203.9
204.9
197.9
195.9
181.9
174.9
174.9
183.9
174.9
159.8
141.8
135.8
144.8
128.8
128.8
114.7
158.5
195.5
222.5
223.5
220.4
214.5
198.5
199.6
205.6
200.6
192.6
192.6
186.6
173.6
168.6
177.6
171.8
155.8
146.3
126.3
121.3
128.3
132.3
111.3
127.3
151.8
175.8
182.8
182.8
169.8
157.8
153.8
148.7
145.7
141.7
142.7
145.7
142.7
143.9
161.8
100.9
139.9
131
120
114
110
111
96.5
97.5
109.5
127
139
137
139
128
123
120
116.2
116.2
121.2
119.9
125.9
133.4
161.4
156.4
140.4
128.4
122.4
119.4
119.4
124.4
113
145.5
191
215
218
215.7
213.4
200.4
210.7
208.7
211.9
199.9
190.4
188.6
175.6
176.6
181.6
172.6
158.6
138.6
138.6
134.6
126.6
128.6
122.6
152.6
197.4
225.4
235.4
233.4
224.4
212.4
211.9
221.7
222.7
212.7
205.9
192.9
186.9
183.9
189.9
198.9
171.9
146.9
140.9
131.9
134.9
129.7
129.9
161.4
206.9
235.9
238.9
236.9
230.9
221.9
220.9
222.9
223.9
219.4
210.9
205.9
194.9
175.9
185.9
183.9
168.9
147.8
137.8
133.8
134.8
131.8
124.8
162.3
200.8
226.8
232.8
232.6
228.6
207.6
218.6
219.6
220.6
215.6
206.6
193.6
187.6
179.6
188.6
189.6
165.9
146.7
133.7
129.4
126.7
131.7
127.5
163.7
201.7
228.3
237.3
240.3
239.3
213.3
215.2
216
217
203.2
196.2
190.2
180.2
168
182
171
150.8
142.9
124.7
124.7
121.5
116.5
104.5
116.5
144.1
155.1
161.1
158.9
165.9
150.4
140.9
136.9
136.9
132.9
129.9
131.9
135.9
139.9
151.9
147.9
136.2
127.2
120.7
113.2
112.7
110.2
92.2
95.2
109.2
121.2
127.2
133.2
129.2
121.7
112.7
111.2
114.2
108.2
114.1
119.1
122.1
130.1
156.1
157.1
143.2
125.2
110.2
112.2
114.2
118.2
125.2
155.2
189.2
217.2
219.2
221.2
216.2
205.2
210.2
211.6
214.6
203.4
188.4
186.5
178.5
177.5
187.5
182.5
166.6
150.6
134.6
130.6
130.6
129.5
127.5
156.5
199.5
234.5
232.8
232.8
224.7
212.6
212.9
222.9
220.9
219.9
205.7
188.6
185.7
188.7
191.8
180.8
167.8
144.6
137.6
142.6
132.6
128.6
124.6
157.6
203.6
235.9
230.6
233.6
210.6
208.6
215.6
217.6
216.6
208.6
202.8
189.7
180.5
180.5
199.5
182.6
170.6
149.6
136.6
128.6
130.6
132.6
125.8
166.8
200.6
232.7
235.6
233.5
230.5
217.5
218.5
222.5
225.5
216.5
207.5
195.5
182
178.7
185.8
182.8
159
146.8
145.9
137.8
129.9
131.7
129.7
155.7
215.7
228.7
237.7
234.9
238.9
217.2
217.2
221.9
222.9
210.9
183.8
197.8
185.5
175.5
181.5
179.6
150.6
147.3
136.3
133.3
132.3
132.3
120.3
134.3
168.3
191.8
194.8
191.1
177.5
171.5
157.5
159.4
159.4
162.4
158.4
168.4
163.4
139.4
166.4
156.1
145.4
136.7
125.7
121.7
119.7
121.7
104.6
106.6
115.4
129.4
142.4
142.4
140.4
134.4
129.4
128.4
125.4
127.4
128.8
136.8
138.8
139.8
163
156
141
125
125
121
119
123
118
154
197
226
227
224
223
212.1
213.1
221.1
219.1
209.1
209.1
192.1
180.1
173.1
185
177
153
146
147.8
131.8
124.8
127.8
120.8
156.8
190.8
227.8
225.8
221.1
229.8
213.7
216.5
222.5
225.5
212.5
205.5
194.5
181.5
181.5
186.7
181
157
145
137
131
133
130
125
164
199
239
237
229.4
225
208
211
212
218
210
199
176
173
175
183
171
162.4
148.4
136.4
125.4
127.4
127.4
121.4
156.2
195.2
221.2
228.2
222.2
220.2
205.2
220.2
214.2
215.2
211.4
202.4
191.2
187.4
177.4
186.4
183.4
164.8
148
137
137
130.9
128.9
123.9
150.9
194.9
224.9
226.9
224.9
219.9
205.9
206.9
213.9
215.9
209.9
197.6
188.6
178.6
172.6
182.6
182.6
156.4
141.3
142.3
135.3
130.3
129.3
115.3
126.3
158.3
176.3
179.3
178.3
173.3
161.3
151.3
146.3
154.3
146.3
152.3
150.3
149.3
142.1
159.8
158.2
141.2
130.2
125.2
119
113
114.8
100.8
98.8
110.8
129
133
134
134.8
131
123.8
118.8
118.8
118.8
121.7
124.9
129.9
126.7
160.7
153.7
146.9
133.9
128.8
125.8
121.8
123.8
119.8
152.6
190.6
225.4
224.6
227.6
222.5
220.5
219.5
223.5
222.5
219.5
211.5
201.5
184.5
180.7
188.7
175.7
168.5
120.4
139.3
134.3
133.3
136
124.8
157.8
199.1
228.1
233.1
237.1
227.1
216.1
216.1
222.1
226.1
217.1
210.6
201.4
189.4
180.4
185.2
182.2
166.1
150.1
133.1
133.8
129.8
130.8
127.8
163.8
204.2
225.2
232.5
232.5
230.5
213.5
215.5
217.5
219.5
214.4
206.2
193.4
180.4
172.4
186.4
182.5
172.4
153.4
146.3
131.3
134.3
132.3
136.3
157.3
206.3
251.3
230.6
235.8
227.8
212.8
215.5
223.3
220.5
223.3
198.3
196.3
182.3
175.3
185.3
185.7
167.9
146.9
139.9
128.9
130.9
130.7
119.7
167.7
205.7
246.5
239.1
236.1
237.1
218.1
218.5
217.5
217.2
206.4
199.4
192.4
176.8
187.8
168.2
184.6
163
123.3
134
130
129.8
123.6
113.6
127.6
152.6
172.5
180
178
178
158
147.5
146.8
151.8
149.4
147.4
144.6
143.2
140.2
159.2
152.2
141.7
129.7
122.7
118.7
113.4
114.7
102.7
108.7
113.7
124.7
135.4
132
135
127.2
124.2
122.5
121.2
122.5
121.5
124.5
132.5
133.5
154.5
154.5
139.9
130.9
123.3
118.9
117.1
124.1
128.1
151.1
196.9
223.9
224.9
229.9
225.9
215.9
211.9
219.7
222.7
215.7
206.4
198.4
179.4
172.4
176.4
167.4
159.7
145.7
139.7
135.3
132.6
133.3
128.3
157.3
203.3
230.3
233.3
230.3
232.3
215.3
218.3
224.3
226.2
219.1
203.1
196.1
183.1
174.1
189.1
181.1
162
151
133
133
132.7
134
130
161.6
206.4
230.3
234.3
234.3
231.3
218.3
217.3
223.3
230.3
219.3
206.9
196.9
180.9
177.9
184.9
183.9
168.8
149.8
140.8
137.8
134.8
140.8
125.8
158.8
199.8
229.8
242.4
237.4
227.4
217.4
223.4
226.4
228.4
220.4
185.4
199.4
186.4
181.4
179.4
188.4
168.4
151.3
152.3
141.3
141.3
136.3
141.3
162.3
204.3
240.3
234.3
231.3
229.3
220.3
221.3
224.3
231.3
219.3
208.3
194.3
182.3
178.3
184.3
183.3
170.3
156.3
143.2
137.2
134.2
135.1
125.1
139.1
165.1
180.1
187.1
186.1
185.1
169.1
159.1
155.1
159.1
159.1
156.1
166.1
152.1
147.1
168.6
154.6
147.9
138.9
132.6
120.6
125.6
124.6
118.9
107.9
117.9
127.9
133.9
135.9
133.9
130.9
124.9
124.9
123.9
124.9
132.9
131.9
131.9
145.9
159.9
155.9
147.9
136.9
127.9
127.9
123.9
132.9
123.9
166.9
203.9
230.9
236.9
236.9
232.9
222.9
218.6
225.9
230.9
223.9
206.9
199.9
184.9
182.9
192.9
189.9
181.1
160.1
152.5
154.5
152
144.3
152.3
173.3
207.3
237.3
248.3
246.3
244.3
227.8
225.8
233.8
238.3
234.3
219.8
210.8
191.8
179.8
186.8
172.8
161.8
159.5
143.7
148.8
139.3
153.3
146.3
170.3
207.3
236.3
239.3
239.3
235.3
226.3
216.3
222.3
229.3
227.3
212.3
200.3
185.3
186.3
192.3
187.3
174.5
154.6
147.6
153.2
144.5
145.7
154.7
174.7
207.7
238.7
243.7
248.7
237.7
229.7
228.7
229.7
234.7
223.7
211.7
203.7
186.7
188.7
186.7
185.7
170.7
150.3
150.3
142.5
142.2
142.2
148.2
168.4
207.2
228.3
235.3
234.3
231.3
213.3
216.3
219.3
219.3
213.3
198.3
185.3
169.3
170.3
186.3
176.3
171.6
155.6
138.6
138.6
133.6
133.6
135.5
136.5
153.5
170.5
169.5
166.7
164.7
152.7
144.7
142.7
145.7
146.7
144.7
144.7
142.7
144.7
155.7
148.7
142.2
134.2
126.2
121.2
120.2
119.2
119.2
102.3
110.3
118.3
124.3
128.3
124.3
122.3
118.3
118.3
115.3
115.3
116.3
119.3
126.3
138.3
148.3
147.3
136.1
127.3
123.3
118.3
119.3
118.3
130.3
135.3
169.3
188.5
192.5
192.5
188.5
180.5
178.5
177.7
181.7
176.7
169.4
159.4
149.4
156.4
162.4
156.4
137.5
126.5
117.5
118.5
116.5
117.5
127.5
133.5
159.5
185.5
188.5
190.5
186.5
175.5
175.5
176.5
177.5
174.5
167.5
158.3
150.5
146.5
160.5
164.5
149.4
132.2
123.2
120.2
120.2
119.2
136.2
130.7
157.7
178.9
185.9
185.9
187.9
175.4
178.4
174.4
172.4
170.3
161.9
154.9
142.9
146.8
161.8
158.8
138.4
134.4
123.4
120.4
119.4
119.4
130.4
129.9
153.9
177
183.9
185.9
182.7
174.7
170.7
172
176
168
161
157
146
164.5
172.5
157.5
142.7
129.6
125.1
124.6
123.9
123.2
133.2
131.2
154.7
174.7
180.2
179.2
176.2
166.2
164.2
164.7
167.7
162.7
151.7
152.7
134.7
148.7
150.7
142.7
131
124
116
117.5
118.4
113.2
116.9
108.9
115.9
135.9
139.9
142.9
136.9
132.4
126.4
123.9
132.9
127.9
124.9
121.9
121.4
127.4
137.4
130.4
123.9
114.9
111.9
105.9
100.9
103.9
107.4
89.2
95.2
104.2
107.7
111.7
109.7
108.7
104.2
100.2
100.7
102.6
105.6
105.8
110.8
127.9
132.5
133.5
118.4
117.7
112.7
111.7
85.7
111.7
118.7
142.7
163.8
182.8
181.8
189.8
186.8
182.3
178.3
175.3
173.3
171.3
165.3
154.3
149.2
153.5
156
154.5
145.5
135.3
136.3
130.5
135.7
136.7
141.7
141.7
164.8
179.3
186.8
189
185
177.6
165.8
173.7
172.5
162.5
164
150
150.5
160
156.5
149.5
142
128.3
131.3
119.5
127.1
131.1
143.4
138.2
161.2
173.5
178.5
177.5
174.5
166.3
167.8
166.8
163.8
158.8
150.5
148.5
141.5
151.8
159.8
147.6
147.6
130.6
126.6
130.6
124.1
131.1
136.4
138.4
156.9
170.8
174
176.2
176
171
168
167
166
159
153
153
142
165
160
152
140.7
132.5
131.9
127.5
129
131.7
138.7
138.2
172.2
174.6
177.1
178.1
167.1
169.1
162.1
161.6
158.1
154.1
123.1
122.1
116.1
135.1
129.1
123.1
116.1
107.1
103.8
101.5
98
101.6
102.5
94.5
110.5
114.5
118.5
119.5
113.5
107.5
105.5
97.8
102.8
98.1
100.6
102.6
101.1
124.1
119.1
117.1
108.3
100
91.5
91.7
92.7
92.7
92.7
77.7
84.7
89.7
95.7
96.7
95.7
92.7
90.7
86.6
84.6
87.6
87.6
91.6
94.6
116.6
114.1
112.6
111.6
103.6
100.6
95.6
95.6
100.6
102.1
93.6
107.4
116.2
117.9
123.1
124.1
115.1
113.1
113.5
112.5
108.5
109.5
110.5
117.6
127.1
121.1
116.1
113.7
101.5
96.5
92.5
94.5
95.5
96.5
84.4
86.4
96.7
96.3
100.7
98.3
93.9
91.4
89.3
90.8
95.8
93
95
98
121
123.4
120.4
109.9
101.5
99.7
99.8
98.3
94.4
105.4
97.4
113.4
126.4
132.8
131.8
134.8
126.8
124.8
125.8
121.3
121.8
116.8
118.8
114.8
135.8
132.6
125.6
117.6
109.6
103.7
101.7
99.4
101.4
106.4
102.4
122.4
129.4
132
130.5
129.1
122
120.1
119.4
117.4
117.6
112.6
111.6
108.6
130.6
124.6
122.6
111.3
104.3
103.3
100.6
99.6
100.2
105.7
110.7
113.9
128.9
129.9
135.9
128.6
123.1
120.1
116.5
120.5
116.2
114.9
113.2
111
135
130
117
111.3
102.3
99
94.8
98.3
97.7
101.7
89.2
96.2
106.2
112.2
109.2
110.7
107.7
104.2
98.2
103.7
102.7
104.4
112
107.7
130.1
126.1
119.1
112
105
100
98
94
95
99
80
84
95.5
99.5
100.5
101.5
95.5
94.5
92
94
91
96
96
105
131
131
117.5
115.6
106.6
103.6
98.6
100.6
100.6
109.6
103.6
133.6
143.6
156.6
155.1
152.1
145.7
148.7
147.7
143.7
135.7
130.2
131.2
130.2
148.2
137.6
127.6
119.2
115.2
108.6
108.2
102.5
107.1
114.1
111.5
136.5
149.1
154.1
156.1
155.6
147.7
144
145.8
143.8
142.8
143.8
133.8
127.8
147.8
140.8
133.8
122.8
102.8
108.8
104.8
107.8
109.3
117.3
119.4
142.4
151
156.3
153
158.3
147.3
147.3
146.3
147.3
147.7
139.7
135.9
132.9
151.9
145.9
134.5
127.5
117.9
110.7
108.7
107.7
111.9
112.9
120.9
135.9
155.7
161.7
160.5
161.5
149.5
149.5
148.5
150
148
139
136
137
156
146
137.6
115.8
115.5
110.6
107.3
106.2
108.6
120.1
124.1
140.1
157.3
162.3
163.3
156.3
155.3
150.8
154.4
152.4
143.7
135.7
132.7
129.7
152.7
141.7
132.7
123.5
113.5
108.5
105.5
104.5
107.5
109
100.5
115.2
130.2
138.2
137.2
126.2
120.2
121.2
118.7
119.2
121.2
119.1
124.1
120.6
146.3
140.3
131.3
123.2
115
113
98
102
100
102
87
93.8
105.8
109.8
118.8
116.8
109.8
104.8
105.2
104.4
102.1
102.6
108.1
116.1
146.1
139.1
133.6
121.5
111.5
108.5
103.5
103.5
101.5
117.5
133
163
185
189
188
186
172
177.5
176
176
173
165
155
152
179
163
152
131.5
124.5
118.5
115.5
113.5
120.5
128.5
141.5
169.5
186.5
194.5
194
185
182.5
178.5
180.5
183.5
176.5
170.5
164.5
161.5
182.5
166.5
159.5
143.5
131.5
118.5
119.5
116.5
126.5
130
140.5
176.5
189.5
197.5
193.5
192.5
178.5
177
181.5
182.5
175.5
168.5
155.5
159.5
182.5
167.5
162.5
151.5
132.5
121.5
122.5
119.5
121.5
130.5
140.5
166
198
200
199
178
182.5
178.5
185.5
184.5
176.5
167.5
161
159
182
158.5
152.5
136.5
125.2
124
120
107
114
129.5
140.5
170
195.5
202.5
205.5
193.5
182.5
184.5
184.5
182.5
176.5
172.5
164.5
166.5
185.5
170.5
157.3
138.3
126.3
123
114.9
113.6
116.6
119.6
118.1
132.1
156.1
164.1
161.1
156.1
138.1
133.1
136.6
137.6
134.1
137.1
141.1
143.1
162.1
151.1
141.1
133.2
123.4
114
109.8
103.3
104.5
110.5
98.5
103.8
112.1
123.1
129.1
125.1
124.1
115.1
116.1
116.1
111.1
115.1
117.1
141.1
159.1
154.1
146.1
133.3
117.3
105
108.3
106
110.3
129.3
144.3
172.9
206.9
207.9
203.9
197.9
186.9
191.8
194.3
195.9
186.9
178.9
170.9
175.9
192.9
175.9
167.4
149.4
130.4
119.4
121.9
116.9
125.9
129.9
151.9
184.9
217.9
222.9
220.9
211.9
195.4
194.4
196.4
199.9
192.9
181.9
178.9
185.9
194.9
171.9
172.9
151.9
133.9
115.9
118.9
119.9
117.9
128.9
149.9
211.9
206.9
212.9
211.9
202.9
184.9
194.9
201.9
197.9
189.9
183.9
179.9
183.9
193.9
173.9
170.4
144
140
121
114
116
118
137
160
190.9
217.9
221.3
227.1
217.1
201.3
205.3
203.6
213.6
204.6
191.6
199.4
204.4
196.4
174.4
172.4
151.7
132.7
123.7
120.7
118.7
121.7
130.7
153.7
188.7
222.7
223.7
218
214
195.4
194.4
198.4
198.4
188.4
181.9
177.4
184.4
195.4
177.4
175.4
143.1
140.1
131.9
121.9
120.2
127.9
118.9
122.9
141.9
168.4
173.4
169.4
165.4
147.9
140.9
138.9
141.9
137.9
136.9
149.9
147.9
165.9
154.9
149.9
131.7
121.2
116.2
111.2
106.7
103.7
108.7
101.7
100.7
113.7
129.2
134.2
133.2
125.2
118.2
118.2
115.2
112.2
115.2
128.2
160.2
159.2
152.2
151.2
133.7
117.7
112.5
111.5
108.9
112.5
136.5
169.5
185.4
217.4
223.4
219.9
211.4
199.9
198.8
202.8
205.8
201.8
186
187
209
200.3
178.3
170.8
157.3
133.2
126.2
120.6
120.2
122.2
134.2
174.2
197.2
225.5
227.5
225.5
214.5
198
199.5
208
215.5
202.9
211.7
197.7
208.5
201.5
179.5
176.5
158.6
134.6
133.6
122.6
119.6
124.6
134.6
178.8
195.2
237.3
241.3
238.3
222.3
204.3
202.3
208.3
206.8
193.8
194.3
186.3
212.3
201.3
177.3
173.3
154.1
130.1
127.1
119.1
126.1
121.1
129.1
165.1
196.1
223.1
221.1
218.1
215.1
196.1
198.1
198.1
202.1
193.1
181.1
180.1
212.1
202.1
183.1
167.1
145.5
127.5
128.5
122.5
122.5
123.5
135.5
168.5
198.5
217.5
216.7
214.7
207.3
193.3
193.3
197.3
198.3
188.4
184.4
182.4
209.4
199.4
176.4
172.4
147.3
145.3
133.3
129.3
123.3
122.3
125.3
145.3
158.3
177.3
181.3
177.3
167.3
151.3
142.3
143.2
141.2
140.2
142.2
150.7
176.7
169.7
156.2
145.2
130.7
125.7
121.7
108.9
107.9
104.9
110.9
115.9
102.9
119.9
133.8
135.8
134.8
126.8
121.8
117.8
117.8
111.8
115.8
129.8
162.8
162.8
152.8
144.8
128.8
117.2
112.4
112.4
111.4
111.4
125.4
169.4
195.4
215.4
230.4
228.4
206.4
197.4
197.4
200.4
202.4
201.4
192.4
196.9
214.9
202.9
178.9
171.9
155.2
140.2
129
124.8
128
130.2
135.2
177.2
211.2
234.2
238
240.2
242.1
217.1
217.7
217.7
218.7
214.7
209.1
211.1
220.1
208.7
184.6
164.6
150.9
148.9
133.9
125.9
123.9
125.9
134.4
180.4
199.4
233.4
235.4
228.4
224.4
206.4
201.4
204.4
201.4
202.4
194.4
192.4
212.4
206.4
182.4
177.4
150.8
142.8
126.8
117.8
121.8
128.8
137.8
179.8
199.8
228.8
228.8
223.3
219.8
201.8
200.8
202.8
208.8
198.8
190.8
199.8
217.8
206.8
184.8
170.8
158.8
139.8
140.8
131.8
121.8
125.8
132.8
175.8
205.8
236.8
240.8
236.3
223.8
208.8
206.8
206.8
203.8
199.8
195.8
201.8
222.8
206.8
184.8
178.8
153.8
142.8
133.8
125.8
126.8
124.8
127.8
151.8
162.8
184.8
188.8
185.8
175.8
163.8
151.8
150.8
144.8
148.8
148.8
163.4
194.4
176.4
165.4
155.4
141.3
129.8
118.8
112.8
112.8
112.8
118.3
105.3
124.3
139.3
145.3
148.3
146.3
133.3
130.3
124.3
123.3
124.3
138.3
171.3
175.3
167.3
159.3
146.3
129.4
113.9
110.9
109.7
109.7
113.6
126.6
168.6
211.6
233.6
239.6
240.6
246.6
235.3
233.3
231.3
225.3
223.3
229.3
247.3
232.3
209.3
186.3
176.3
159.2
133.6
135.6
129.6
129.6
127.6
137.6
167.1
200.1
231.6
231.6
229.3
223.6
212.5
209.5
215
215
207.2
210.2
249.2
242.2
223.2
188.2
174.7
159.8
135.8
129.8
129.8
133.8
134.3
144.3
168.3
207.3
231.3
232.3
233.3
211.3
208.8
200.8
209.7
213.7
201.7
198.7
244.7
226.7
212.7
188.7
181.7
150.7
143.7
124.7
126.2
125.2
127.2
115.2
168.2
214.2
232.2
230.2
229.2
222.2
203.2
203.2
202.2
204.2
200.7
201.7
232.2
229.2
215.7
190.2
182.7
155.2
137.2
126.2
127.2
132.2
129.7
139.7
166
210
224
234
225
225.4
204.4
204.9
204.9
207.7
201.7
216.7
239.7
225.7
210.7
186.7
173.2
156
138.5
138.5
134.5
126.5
120.5
129.5
131.5
165.5
188.5
189.5
184.5
176.5
161.5
149.5
148.5
147.4
145.4
158.4
203.4
194.4
181.4
167.4
151.4
138.2
128.2
125.2
120.7
116.6
107.6
115.1
99.1
117.1
134.1
147.1
149.1
147.1
139.1
132.1
127.6
122.6
120.6
136.6
181.6
184.6
181.6
165.6
149.6
127.1
123
124
120
115
118
132
162
208
228
232.5
228.5
225
213
216
226
228
229
230
253
242
223
200
189
161.7
149.7
136.7
133.7
133.7
135.7
146.7
169.7
213.7
231.7
233.7
231.7
228.7
210.7
208.7
221.7
237.7
235.5
253
262
241
221
199
192
169.9
149.9
131.9
132.9
129.9
136.4
147.2
170.2
214.2
247.2
252.2
252.2
248.4
226.4
226.9
229.9
239.9
234.9
254.9
258.9
242.9
224.9
205.9
184.9
159.9
147.9
140.9
138.4
131.9
142.5
147.5
174.5
225.5
243.5
240.5
245.5
237.5
218
219
202.5
233
235
247
260.5
238.5
223.5
207.5
191.5
166.4
151.3
140.3
133.3
137.8
135.8
151.8
177.8
231.8
245.8
240.8
239.8
233.3
215.3
216.3
218.3
220.3
218.3
231.3
254.3
235.3
220.3
199.3
186.3
169.6
142.6
139.6
133.1
133.1
133.1
144.1
147.9
179.9
200.8
206.8
202.8
187.8
171.8
163.8
162.5
160.5
160.5
216.5
204.5
204.5
189.5
170.5
170.5
144.2
137.2
128.2
128.2
116.2
119.2
120.2
113.2
124.2
141.2
151.9
154.4
150.4
144.4
136
134
127.5
129.5
142.5
187.5
184.5
188.5
177.5
158.5
145.9
130.9
123.9
120.9
123.9
130.9
146.9
163.1
204.9
229.9
228.9
224.9
222.9
205.9
208.9
216.9
214.9
203.9
227.9
251.9
232.9
248.9
194.9
186.9
145.8
146.8
139.8
131.8
132.8
135.8
149.8
167.8
205.8
238.8
234.5
228.5
225.6
204.6
198.6
211.6
217.6
219.6
233.6
258.6
228.6
220.6
203.6
189.6
156.6
144.7
133.7
132.7
133.7
135.7
143.7
164.7
206.7
231.6
229.9
227.9
223.9
204.9
203.9
208.9
207.9
209.6
230.6
248.6
228.6
216.6
189.6
185.1
162.6
142.6
133.6
138.6
138.6
131.6
145.6
168.6
213.7
228.7
229.7
224.7
218.7
203.7
207.7
210.7
213.7
209.7
247.7
250.7
232.7
213.7
193.7
185.7
161.4
141.4
136.4
133.4
131.4
133.4
143.4
164.4
207.4
223.4
228.4
225.4
222.4
203.9
196.9
211.4
204.4
204.4
244.4
246.4
227.4
208.4
188.4
172.4
162.4
151.2
128.2
134.9
134.9
126.9
133.9
140.4
171.4
190.9
195.9
183.9
179.9
165.9
152.9
155.4
156.4
158.4
199.4
207.4
196.4
183.4
168.4
163.4
142.3
128.2
118.2
114.2
116.2
113.2
111.2
107.2
122.2
142.2
150.2
151.9
153.9
144.9
135.9
132.9
133.4
131.4
175.4
183.4
183.9
179.9
165.9
150.9
135.9
128.1
118.9
116.9
117.9
119.9
137.9
158.9
209.9
229.9
228.9
220.9
212.9
200.9
204.9
207.9
207.9
204.9
238.9
239.9
221.9
211.9
190.9
177.9
157.4
148.4
139.4
129.4
127.4
131.9
148.4
162.9
204.9
234.9
231.4
223.9
217.9
197.9
206.9
211.9
210.9
207.9
239.9
249.4
229.4
216.4
194.4
186.4
161.6
146.6
130.4
123.6
133.1
131.1
141.6
171.1
213.1
238.1
239.6
233.1
228.1
211.6
211.6
210.6
218.1
217.1
244.9
249.9
233.7
216.5
197.1
180.1
162.2
151.1
140.1
125.1
128.1
134.1
144.9
175.1
216.1
247.1
250.1
243.3
229.3
215.3
215.8
218.8
215.8
215.3
254.8
255.4
232.4
221.4
195.9
180.9
161.7
141.8
139.3
140.3
139.3
137.3
146.3
174.3
214.8
235.8
239.8
227.3
217.3
210.8
205.3
214.3
216.3
223.3
255.3
264.8
227.8
211.8
191.8
183.8
163.8
149.7
135.2
131.2
125.2
128.2
133.7
156.2
180.2
201.2
203.2
192.2
186.2
171.2
159.2
163.7
165.7
169.7
205.7
213.7
203.7
187.7
172.7
159.2
145.1
133.1
127.1
120.1
120.1
116.6
126.1
119.1
128.1
146.1
156.5
154.6
158.6
144.6
139.6
133.6
139.1
140.1
180.1
190.1
191.1
185.1
171.1
159.6
142.3
123.3
124.5
123.5
120.5
125.5
140.3
189.3
220.3
247.3
246.3
248.3
234.3
212.3
219.8
222.8
222.4
224.4
257.4
254.4
230.4
216.4
194.4
183.4
161.8
148.8
144.3
135.3
135.3
135.8
153.3
177.8
218.8
240.3
239.3
231.3
227.3
211.3
222.3
211.9
218.5
220.5
257.5
258.5
237.5
223.5
198.5
181.5
167.7
148.7
144.7
129.7
134.7
135.7
149.7
180.7
221.7
247.7
246.7
233.9
228.4
214.4
212.4
217.3
220.1
218.1
256.1
257.4
236.4
219.4
193.4
185.9
161.4
146.5
139.6
138.1
135.6
142.6
142.6
184.6
221.6
246.6
247.6
241.7
231.5
213.5
216.5
217.5
217.5
232.3
263.4
263.4
236.4
227.5
199.5
188.5
162.3
154.3
141.3
132.3
133.3
140.3
154.3
185.3
225.3
248.3
244.3
240.3
217.3
215.3
215.6
215.6
218.4
223.9
263.9
256.9
233.9
219.9
196.9
183.4
165.6
153.6
138.6
139.6
134.6
139.6
155.6
158.6
182.8
210.1
210.6
200.3
194.3
183.3
163.3
162.3
168.3
170.3
203.3
219.3
210.3
194.3
177.3
163.3
144.7
136.7
129.7
123.7
116.7
117.7
126.9
137.9
130.9
150.5
162.1
163.1
162.9
156.2
148.2
145.7
137
150
190
194.5
193.5
189
172
165
146.8
131.1
122.1
119.1
119.1
128.1
144.9
190.9
215.2
239.6
244.2
234.4
228.4
208.4
208.8
208.1
216.1
221.1
257.1
254.1
233.6
219.6
194.6
181.3
161.3
145.5
144.5
134.5
136.5
137.5
148.5
189.5
224.5
249.5
249.5
240.5
233.5
211.7
210.7
212.7
217.7
219.7
255.7
248.7
228.7
214.7
202.7
176.7
167.9
140.5
128.5
123
126.5
127.5
125.5
136.5
133.5
151.5
171.3
168.6
162.4
151
142.5
140.5
137
145
192
200
197
189.5
171
163.5
144.6
123.6
122.6
115.6
117.6
124.6
136.1
190.1
221.1
251.1
253.6
241.6
233.6
217.6
216.8
222.6
226.3
229.3
264.3
259.1
238.5
221.7
192.7
182.2
160.5
150.5
133
127.5
128.5
138
141.5
200
223
249
247
241.8
234.3
217.5
220
228
220.8
226.8
259.6
259.6
235.6
206.1
187.6
186.1
160.6
147.8
131.8
129.8
127.8
129.8
135.8
169.3
180.8
203.8
203.3
193.3
182.3
179.8
162.8
163.8
159.8
168.8
212.3
215.3
205.8
184.8
170.8
163.8
140.7
128.7
121.7
115.7
113.2
118.2
125.2
131.4
133.2
151.2
160.2
168.7
161.7
146.9
143.9
139.9
138.9
146.4
187.9
196.9
195.4
190.7
172.7
164.2
144.1
129.4
123.4
120.4
121.4
126.4
150.4
198.4
227.6
255.7
255.2
251
238.5
219.7
222.2
225.2
226.7
223.7
264.2
257.2
240.2
223.2
194
185
158
150
141
131
134
141
152.5
208
239.5
260.7
256.7
248.7
240.7
222.7
220.7
225.2
226.2
234.2
268.2
265.2
244.7
224.7
195.7
188.2
159.5
147.4
135.7
128.8
135.8
135.8
152.3
201.8
231
254.5
251.5
244.5
234
218
223
223
230
237
276
264
251
232
197
184.5
161.6
144.4
140.5
130.8
135.7
130
152.5
206
247.5
272.5
265
261.5
245
228
234
232
239
247
269
266
243
224.5
197
180.3
165.4
145.4
134.4
133.4
130.4
141.4
150.4
203.4
235.7
257.9
262.4
252.9
243.9
223.4
231.4
243.3
247.8
264.8
267.6
263.6
240.6
219.6
194.9
187.9
162.9
146.4
138.4
133.4
132.4
138.9
141.4
171.9
196.3
214.8
208.8
209.8
210.8
194.3
179.8
178.8
184.8
202.8
216.3
218.3
207.8
197.8
173.8
161.3
143.4
133.9
122.9
119.9
112.9
119.4
125.4
135.9
133.4
153.3
169.3
172.8
180.3
165.3
150.8
151.8
152.8
174.8
186.3
195.3
193.3
181.6
171.6
161.6
144.1
133
124.8
120.5
120.1
127.8
143.8
194.8
233.8
262.8
267.8
267.1
263.1
243.1
243.7
246.7
256
268
269
256
244
233
197.5
177
166.3
141.3
135.3
138.3
136.3
138.8
152.8
201.3
229.3
262.8
262.9
255.4
247.4
228.4
229.4
235.9
236.9
246.9
266.4
262.4
244.4
225.4
194.4
179.4
159.7
142.3
138.3
140.3
136.3
137.8
143
200.8
228.3
257.2
259.2
252
239
223.5
222.5
230.5
233.5
242.5
269
259
249
224
201
181
162.4
150.4
134.8
133.9
131
136.5
149.8
196.8
239.3
262
270.5
263.5
258.3
233.3
233.3
241.3
244.3
247.3
278.3
264.3
243.8
224.8
198.8
187
155.4
146.9
132.1
136.6
132.6
136.1
150.1
190.6
237.6
258.6
249.1
242.6
233.1
221.1
219.1
226.1
228.6
242.1
264.6
260.1
239.1
233.1
194.6
182.6
165.9
146.9
137.9
137.9
130.9
135.4
139.9
165.9
183.4
211.4
211.9
205.1
197.9
178.9
167.8
168.2
169.4
181.4
216.4
220.1
212.1
188.1
179.3
165.8
149.9
138.4
129.4
121.9
115.4
129.7
127.7
134.7
129.5
151.5
167.2
173.3
167.3
155.8
150.3
145.2
140.5
155
191
196.8
197
187.5
173.5
158.5
144.9
129.9
129.9
122.9
125.4
128.4
147.4
204.9
233.9
259.3
257.3
250.3
241.3
231.3
226.9
228.4
236.2
246
267
270.7
243.2
229.2
198.2
177.2
173.3
155.4
141.4
137.7
135.8
141.3
160.3
209.2
240.9
272.9
275.9
277.9
274.9
236.1
238.3
239.3
248.3
258.8
284.8
278.3
252.3
233.3
202.8
176.8
169.5
158.4
139.4
141
135.5
139.5
151
208.3
249.8
265.3
268.3
264.8
252.8
242.3
239.3
237
253
269
278
278
250
232
197.5
176
173.8
153.3
130.3
135.3
133.3
153.3
159.7
207.2
240.5
267.5
265.3
261.8
250.3
236.8
229.8
243.3
244.3
257.3
284.3
275.3
251.8
231.3
203.8
188.8
171.8
158.8
137.8
137.8
136.8
147.3
157.3
211.1
246.1
267.8
276.8
265.8
259
236
244
243
244.7
253.7
270.7
271.7
248.7
232.9
200.4
184.9
164.4
146.4
142.4
135.4
140.9
132.4
142.9
166.9
192.2
219.2
220.7
222.7
208.7
193.7
178.7
183.7
193.7
209.7
224.2
230.2
214.2
196.7
179.2
162.7
149.6
137.6
127.2
120.9
119.9
120.5
134.5
135.7
137
156.8
172.8
184.8
185.8
173.1
159.1
159.3
160.7
188.7
198.7
202.8
203
196
182
163.5
151.5
132.6
127.6
125.6
128.6
128.6
146.1
198.7
238.8
276.3
280.3
268.3
268.3
247.8
252
254
260
275
271.8
266.7
247.7
231.2
207.2
182.3
162.7
141.2
143.2
129.2
131.2
142.7
161.7
199.9
247.9
267.9
278.4
274.1
258.1
242.6
247.6
251.3
246.3
275.8
277.3
270.3
249.3
230.3
204.3
183.9
162.9
149.7
142.2
134.2
134.7
141.7
151.9
206.4
243.9
267.8
269.3
259.3
253.7
236.5
233.5
234.5
244.5
256.5
272
272
251
231
206
194.5
163.3
163.5
142.5
137.5
133.5
145.5
151.8
202.8
249.8
274.8
274
269.5
263
243.5
238.5
244.8
250.7
271.7
278.7
269.2
247.9
234.9
200.9
187.9
167.9
153.9
141.9
137.9
141.9
149.9
158.9
207.9
248.4
276.4
273.9
274.9
265.4
241.9
235.9
241.8
248.8
274.3
278.3
265.8
254.3
227.8
202.8
184.8
169.8
144.8
133.8
136.8
136.8
138.3
145
176
190.5
220.5
224.5
219.5
208.5
193.5
181.7
173.2
176.7
201.7
223.2
230.2
217.2
195.7
180.2
171.5
156.1
136.2
131.7
127.1
116.6
123.5
133
136.5
138
159
173.5
184.5
180.5
163.5
154.5
155
155
192
197.1
208.1
206.1
187.6
182.1
176.1
148.8
137.3
131.3
126.3
118.8
129.8
152.8
200.4
248
275.3
279.8
271.8
261.3
239.8
238.3
242.3
245.8
267.8
274.2
267.7
248.9
226.4
203.4
189.9
160.1
146.6
138.6
133.6
132.4
142.4
154.9
203.9
243.4
268.8
269.6
262.4
251.4
230.6
234.1
237
245
271.3
277.3
266.8
243.6
236.1
208.6
182.1
175.3
158
138.5
136
136.8
145.5
155.5
207.6
250.6
280.6
275.6
264.6
253.1
234.6
242.8
241.3
248.8
270.3
284.3
269.3
250.1
228.1
208.1
196.9
173.6
150.1
136.6
144.6
139.6
147.8
154.8
216.3
270.6
281.6
278.6
275.6
269.1
245.6
241.1
248.1
250.3
282.8
279.8
271.8
247.8
231.3
204.8
194.3
167.2
152.2
142.2
129.7
124.5
138
141.7
157.7
168.2
192.2
200.7
202
194.5
177.5
168
175
173.5
203
211
213.5
205.5
201.5
183.5
169.5
151
137.4
129.9
129.4
125.9
127.9
138.4
159.9
176.9
191.9
198.4
194.9
186.4
175.9
169.8
168.1
172.1
203.1
216.4
222.9
204.9
194.9
180.9
169.9
157.5
133.9
124.9
121.9
116.9
120.4
132.9
138.9
137.9
165.9
172.9
180.9
177.9
169.9
156.9
155.9
157.9
178.9
201.9
212.4
204.4
196.4
175.9
169.9
151.9
136.9
123.3
124.3
124.9
135.2
157.2
204.7
246.7
275.2
270.7
263.7
258.7
232.2
230.7
233.2
246.2
272.2
283.2
266.7
246.7
238.2
208.9
193.4
167.3
152.5
141
150
149
143.5
157.7
208
254
268
273
265.5
257
227.7
241
256.5
266.5
281
289.5
282.5
257
247
211
201.5
175.2
157.4
136.9
148.9
143.6
149.3
163.9
215.3
254.6
276.6
272.6
266.6
261.1
240.6
246.1
248.9
266.4
274.1
286.4
276.9
252.2
240.6
219.1
199.1
170.3
151.8
145.3
141.8
139.8
152.8
162.3
218.6
279.1
278.1
281.6
284.1
277.6
252.6
258.6
266.6
269.6
279.6
291.1
277.1
252.1
235.1
206.1
195.6
163.8
154.7
140.7
134.7
138.7
146
153.5
216
268
280.5
284.5
276.5
261.5
250
243.7
248.9
261.9
277.9
272.9
272.9
244.7
226.7
202.7
191.2
179.9
151.9
143.9
143.4
137.9
143.4
148.9
183.2
211.7
231.2
239.2
234.2
220.2
201.2
191.7
188.7
195.7
224.7
225.9
236.1
220.7
200.7
186.5
169
156.5
147.4
135.4
127.4
119.4
127.4
134.4
143.4
160.7
173.7
188.7
193.7
196.7
175.7
165.2
169.2
169.7
189.7
211.9
212.9
210.2
197.5
189.2
172.2
143.6
139.1
129.1
127.1
130.1
139.6
148.1
203.1
263.6
271.6
268.1
263.1
260.1
243.1
241.1
239.1
242.3
262.3
275.3
262.3
243.8
224.8
203.3
189.3
170.8
150.3
141.8
138.8
135.8
150.1
160.1
203.1
273.1
276.1
272.6
263.1
250.6
235.6
235.6
236.1
243.6
269.1
276.6
263.6
247.6
230.1
202.1
192.6
173.1
143.8
140.6
144.1
136.6
141.6
161.3
204.3
250.6
269.6
263.1
259.1
249.6
232.8
235.8
237.6
242.6
260.1
275.1
272.6
246.1
230.1
207.6
188.6
167.7
154.9
145.4
139.4
136.4
141.9
157.9
209.4
248.9
265.9
270.9
256.9
249.9
236.2
240.9
248.9
252.9
274.9
273.9
263.9
239.4
226.4
207.9
194.4
166.8
159.1
146.2
136.7
138.2
148.7
156.9
201.4
259.4
272.4
274.4
263.9
248.8
237.3
234.3
234.8
233.8
259.8
254.8
245.3
231.3
216.8
193.8
188.8
167.1
146.1
137.1
131.1
146.1
132.6
140.6
168.4
192.4
202.9
210.9
201.9
195.9
182.9
176.9
175.3
170.3
203.3
211.3
212.3
202.3
197.6
182.6
164.6
155.6
139.6
126.6
119.3
104
123.1
130.6
138.1
146.1
174.6
181.1
183.6
178.1
163.1
156.3
160.6
163.3
197.8
202.3
206.3
201.8
184.3
166.6
159.1
144
137.5
130.5
124.5
119.5
120
122
133
141
140.5
158
164
158.5
149.5
131.7
127.7
138.7
150.2
172.2
172.2
177.2
169.2
157.7
148
144.9
127.4
118.4
115.4
114.4
116.4
122.9
134.4
145
139
160
167
174
157.5
148.5
147.5
146.5
158.5
182.5
183
185
181.5
169
154.5
140.5
132.5
121
120
120.5
122.5
135
166.5
204
219
229
226.5
220.5
202.5
195.5
197.5
201.5
215.1
235.1
232.6
207.5
197.5
176
163
143.9
134.9
124.9
121
118
125
138.5
167
212.3
221.8
225.2
226.2
213.7
199.2
193.2
193.8
198.3
221.8
233.3
230.8
210.8
196.3
177.3
166.8
148.8
130.5
120.6
118.5
118.5
124.1
141.1
162.8
205.6
212.6
227.1
221.1
215.6
206.4
190.1
198.1
202.1
229.1
238.6
223.6
210.9
198.1
179.1
166.5
144.3
132.3
120.3
121.3
126.3
123.3
135.3
152.9
175.4
181.4
197.9
193.4
186.9
176.9
169.9
170.5
171
197.7
204.7
203.7
194.7
189.2
178.2
167.7
143.8
136.2
124.2
115.2
118.7
119.2
131
135.5
149.2
149.5
166.8
167.8
172.1
158.6
150.6
150.1
154.2
166.7
196.2
194.2
183.7
170.2
159.7
149.2
296.7
149.1
139.1
134.1
128.1
126
125.5
129.5
139.5
132
131
144.5
147.5
152.5
148.5
134.5
136
135.5
148
180
185.9
186.6
179.3
172.5
152.5
151.4
130.4
124.4
120.4
120.9
129.4
141.4
175.4
218.9
234.9
248.4
250.4
245.4
223.9
220
224
223
228
248.5
244.1
224.9
210.9
186.9
172.9
156.6
142.8
131.7
126.2
124.8
136.8
148.8
185.3
229.1
244.1
247.6
246.1
235.6
217.1
212.6
215.6
216.4
228.8
250.8
247.8
228.8
215.7
193.7
175.7
153.5
143.4
134.6
126.6
127.1
137.1
149.1
187.6
231.6
247.1
254.1
255.6
242.7
222
225.7
237.7
245.2
258.7
256.6
253.4
227.4
219.4
193.4
191.9
163.9
146.9
136.9
137.3
136.9
136.4
150.9
185.4
236.9
258.9
258.9
252.9
249.9
224.9
228.9
235.9
243.4
255.4
254.9
249.4
230.4
215.4
194.9
184.9
163.9
152.9
132.9
134.9
139.4
132.9
134.9
133.4
140.9
155.9
169.9
177.4
179.4
167.9
157.4
157.9
156.9
168.9
196.4
200.9
196.9
187.9
171.9
166.9
151
139
128
123
120
123
132.2
153.7
148.2
149.2
162.5
179.5
180.5
168.5
160.8
163.4
165.4
187.9
196.9
201.5
198.5
194.5
181.5
166.5
151.6
134.6
128.6
124.6
128.6
132.1
155.1
199.6
255.6
260.7
261.2
259.2
243.2
231.2
231.2
233.2
233.7
248.7
275.7
264.7
247.7
229.7
205.4
183.9
173.8
159.8
141.5
143.5
139
143
155.9
204
263
269.5
272.5
270.5
266.5
240.5
237
249.5
257.5
274.5
279.5
276
249
233
207.5
191.5
163.5
164.8
145.3
133.9
134.4
148.8
154.8
201.8
260.8
281.7
282
282
275.3
255.3
249.8
262.5
261.5
278.5
279.5
270
248.5
235.5
206
187
160.8
151.3
139.1
142.6
138.1
144.6
155.6
199.2
256.2
271.2
273.3
266.3
264.3
235.8
239.3
245.8
255.8
267.8
276.9
271.9
252.4
230.8
207.8
194.8
173
156.4
146.9
136.9
139.9
148.4
160.4
197.9
260.9
275.9
281.4
275.4
266.4
244.9
246.9
247.9
258.4
275.4
272.9
266.4
238.9
228.4
201.4
190.9
166.9
153.9
143.4
133.9
135.9
132.9
150.9
169.9
209.9
212.9
226.9
222.4
216.4
194.9
186.9
186.4
188.4
197.9
216.9
227.4
212.9
201.9
180.9
169.9
153.5
140.5
131
123
125
125
136
137
149.5
151
151
176
181
167
154.5
153
149.5
159.5
196
200.5
196
194
178.5
167.5
154.1
138.5
130.5
125
126
134
146.5
195
248
264
265.5
262.5
253.5
236.5
240.5
248.2
245.7
250.7
269.2
265.2
241.2
225.2
204.2
186.2
166.7
148.3
141.3
136.3
135.3
140.8
156.8
200.5
255.8
258.3
261.3
254.3
244.8
226.8
227.3
234.8
231.8
236.8
268.8
265.8
244.3
228.3
203.8
193.8
178.2
152.2
139.7
135.6
138.1
138.1
154.1
205.1
251.6
275.6
271.6
263.6
257.6
236.1
228.6
231.1
240.1
248.9
275.4
262.4
248.4
233.4
212.4
194.4
173.3
149.5
141.5
138.5
140.8
142.3
140.8
210.8
269.8
275.3
277.3
267.8
258.3
242.3
231.8
239.8
243.8
247.3
278.1
277.6
249.6
234.1
201.1
194.1
170.5
156.5
148.5
136
133.5
149.5
164.5
209
273
280.5
279
270.5
262.5
243
234.5
234
242
250
275
277.5
250
237
203.5
198
172.6
158.6
143.6
141.1
134.6
144.1
156.6
182.4
221.1
229.4
235.6
229.6
211.6
189.6
180.1
180.6
186.3
193.3
225.3
231.8
222.8
201.3
188.3
169.3
152.9
148.1
136.6
123.1
125.1
127.1
136.1
141.1
153.1
166.6
175.6
185.1
187.1
171.6
164.1
159.6
157.6
167.6
198.6
204.1
204.1
197.1
181.6
175.1
150.8
136.8
125.3
127.8
122.3
136.8
156.3
200.3
258.3
277.3
278.3
274.8
267.8
252.8
253.8
258.8
266.3
267.3
277.3
269.8
249.8
233.8
200.8
193.8
175.3
155.8
143.8
141.8
137.3
138.3
159.3
204.3
272.3
280.3
284.3
286.8
271.8
250.8
255.8
261.8
260.6
268.5
284.3
282.3
249.3
233.3
209.3
202.3
166.4
153.5
134
136
133.5
139.5
157.5
209.5
253
275.2
280.4
270.4
265.5
242.5
239.5
241.5
247
255.2
285.2
274
251
232.5
205.5
197.5
170.5
151.5
142.5
136.5
131
140
155
206.5
262.5
277.5
281
280
269.5
245.5
244.2
249.2
256.2
261.2
280.7
269.7
249.2
230.7
205.7
191.2
171.8
150.8
141.8
140.8
138.3
134.3
157.8
202.3
257.3
279.5
277.5
274.6
266.1
241.1
241.6
243.8
245.3
249.3
270.3
268.8
243.8
230.3
201.8
189.8
173.3
152.3
143.3
136.8
134.3
133.3
149.3
178.3
192.3
220.3
227.8
214.8
210.3
186.8
176.8
177.3
178.8
177.8
218.8
227.8
216.8
200.3
184.8
167.8
153.2
140.3
123.8
124.8
114.8
126.3
133.8
142.8
137.3
155.8
171.3
183.3
184.3
167.8
164.3
159.3
155.8
167.8
199.8
204.3
204.8
196.3
181.8
162.3
151
140
128
126
128
134.5
150.5
198.4
253.4
264.4
267.8
261.8
256.3
238.8
243.3
241.3
251.8
252.3
272.8
264.8
244.8
226.8
205.3
182.3
167.7
144.2
137.2
139.7
130.7
140.7
189.7
203.5
245.5
271.5
273.2
266.2
247.7
237.7
231.2
235.2
239.2
255.2
277.2
274.2
243.2
230.2
205.7
187.2
160.9
146.9
141.4
136.9
134.9
143.9
155.9
208.5
250.3
273.3
272.3
269.3
260.3
233.8
235.8
237.8
238.8
243.8
278.6
266.6
245.1
232.1
207.1
186.1
175.5
160.1
140.1
149.1
137.6
140.6
156.1
205.6
253.1
283.1
276.6
274.6
270.6
243.1
244.9
250.4
251.9
259.9
285.4
276.9
249.4
233.4
202.4
183.4
165.3
147.8
139.6
131.1
138.1
147.1
153.1
204
241.5
271
281
272.5
270.5
241.5
247
242
247.5
251
276.6
271.1
244.1
231.6
207.6
188.6
177
157
140
135.5
134
140.5
147
174
195
214
222.5
213
208
187.4
173
175
173.1
178
218
232.5
220
206.5
186
168.5
155.5
142.5
134.5
126
116
126.5
132
140
136.5
155
173
177.5
185.5
168.5
158.5
159
153.5
167
195
203
205
199
186.5
169.7
151.5
122.5
129.9
122.1
126.6
135.6
154.1
202.6
246.1
278.1
282.1
271.1
269.1
247.1
249.6
252.1
254.3
256.8
274.8
273.8
245.5
231.5
205.5
193
165
145.5
140
133.5
135
147.5
153
209.5
251.8
285.8
281.3
280.8
273
245.4
248.9
253.9
256.9
260.8
283.3
274.8
250.5
235
204.8
198.3
170.6
158.6
138.6
135.6
138.6
149.1
156.1
210.1
257.1
279.1
285.1
286.1
273.1
256.1
254.6
261.5
267.5
270.5
277.7
273.3
250.3
238.3
209.3
197.3
177.8
150.3
143.3
132.8
147.3
143.8
159.8
211.8
241.8
265.3
268.3
262.3
258.3
237.8
237.3
237.8
239.8
238.3
270.3
273.3
255.3
236.3
206.8
196.3
166.1
152.6
141.6
140.6
139.6
145.6
162.1
212.1
244.6
269.9
270.9
270.9
253.3
246.8
231
235.9
234.9
222.9
273.4
273.9
244.9
238.9
211.9
193.4
166.7
156.1
143.6
139.1
137.1
138.1
149.1
176.6
195.6
223.1
228.6
225.1
212.1
192.6
179.6
182.3
182.3
180.8
217.5
234.3
221.3
203.3
184.4
170.9
154.9
141.4
132.7
126.7
123.7
122.7
132.7
141.7
134.7
153.7
173
180.2
181.2
166.7
158.7
157.7
152.2
153.4
194.9
201.4
206.9
196.4
179.9
176.7
158.4
136.4
130.9
129.4
129.4
134.4
151.9
208.9
247.4
277.4
276.4
275.4
266.4
243.4
245.9
253.9
257.4
265.4
275.9
273.4
243.4
236.9
205.4
190.9
179.1
148.2
141.2
137.7
134.2
142.7
161.9
201.9
244.9
265.9
268.9
278.7
261.2
237.2
237.7
235.7
240.2
237.7
254.2
281.7
247.2
237.2
204.2
196.7
168.2
153.7
139.7
137.7
135.2
142.2
163.7
213.2
244.2
269.2
273.1
264.1
262.8
238.8
239.3
230.6
237.6
236.6
245.1
268.1
246.1
231.1
214.1
190.1
174.6
155.6
148.1
136.1
140.6
143.1
163.6
206.6
239.1
268.1
266.6
268.6
249.8
227.3
228.3
232.6
239.6
229.1
247.3
280.6
252.3
232.1
204.6
191.6
173.9
155.4
142.4
135.9
135.9
144.4
158.9
195.1
237.1
258.6
266.1
264.6
251.6
229.6
229.6
234.1
232.1
227.1
243.1
268.1
247.6
229.1
203.6
193.6
173
147.3
135.3
140.8
138.8
140.3
145.8
184.3
187.3
213.3
217.8
211.8
198.8
184.3
174.8
169.3
171.3
178
194.3
221.3
210.8
200.3
182.3
166.8
153.9
135.4
128.4
126.9
121.9
123.4
129.9
136.9
133.4
154.2
172.2
171.7
168.7
157.6
147.6
144.6
142.6
145.1
174.1
198.1
196.1
190.1
184.6
167.6
158.4
137.4
126.4
121.9
124
129
148
194.5
240.5
260.5
261.5
259.5
250.5
228
227
229
231.9
234.4
241.4
263.6
244.1
225.4
202.4
182.4
175.4
159.9
143.7
132.2
135.8
137.3
145.8
201.3
239.8
266.3
273.3
272.8
263.3
244.8
245.8
252.8
255.8
252.3
275.3
281.8
244.8
226.8
206.8
191.5
175.1
159.1
143.1
140.6
142
149.6
151.6
208.6
240.1
272.5
273.5
279.5
261
242.8
240