3.0
1.0
84.2697
84.2697
84.0619
85.6542
87.2093
87.1246
86.8726
86.7052
87.5899
89.1475
89.8204
89.8204
90.4375
91.7605
93.1081
94.3291
95.8003
97.5119
98.7457
98.904
98.3437
98.3075
98.8313
99.0789
98.8157
98.2998
97.7311
97.6471
97.7922
97.2974
96.2042
95.2318
94.9367
95.0867
95.389
95.5414
95.2439
94.9415
95.3557
96.3423
97.1563
97.4026
96.7028
96.5516
97.9837
98.9879
97.6312
95.4064
93.8603
93.0552
94.6012
95.8476
95.7692
95.9236
95.7692
95.9211
95.8501
94.6703
93.0993
91.972
91.7821
91.7911
90.807
89.3196
88.1511
88.7762
90.2265
90.8066
91.2284
92.4238
93.243
92.8472